   1.0000000e+00   0.0000000e+00   0.0000000e+00   0.0000000e+00   0.0000000e+00
   9.5880150e-01   4.1198502e-02   0.0000000e+00   0.0000000e+00   0.0000000e+00
   9.4889503e-01   4.8342541e-02   2.7624309e-03   0.0000000e+00   0.0000000e+00
   9.2902711e-01   7.0175439e-02   7.9744817e-04   0.0000000e+00   0.0000000e+00
   8.9356179e-01   1.0124611e-01   5.1921080e-03   0.0000000e+00   0.0000000e+00
   8.6002326e-01   1.3067080e-01   8.5304382e-03   3.8774719e-04   3.8774719e-04
   8.4464508e-01   1.4290162e-01   1.2141968e-02   3.1133250e-04   0.0000000e+00
   8.4009740e-01   1.4366883e-01   1.4880952e-02   1.3528139e-03   0.0000000e+00
   8.2375388e-01   1.5907465e-01   1.6217505e-02   9.5397090e-04   0.0000000e+00
   8.0841709e-01   1.7085427e-01   1.9681742e-02   1.0469012e-03   0.0000000e+00
   7.8975950e-01   1.7920869e-01   2.8316524e-02   2.7152832e-03   0.0000000e+00
