   6.7647059e-01   2.3529412e-01   7.3529412e-02   1.4705882e-02   0.0000000e+00
   4.3893289e-01   3.2430179e-01   1.6381826e-01   6.0858691e-02   1.2088370e-02
   3.5223318e-01   2.9248840e-01   2.0098608e-01   1.1470418e-01   3.9588167e-02
   3.1134649e-01   2.6953940e-01   2.0783181e-01   1.3946397e-01   7.1818328e-02
   2.7873322e-01   2.5739304e-01   2.1623322e-01   1.5661703e-01   9.1023490e-02
   2.5865542e-01   2.4200965e-01   2.1495078e-01   1.6774978e-01   1.1663436e-01
   2.4931231e-01   2.3301488e-01   2.1192582e-01   1.7649147e-01   1.2925552e-01
   2.3880160e-01   2.2560262e-01   2.1308676e-01   1.8056504e-01   1.4194398e-01
   2.3356345e-01   2.2255095e-01   2.1129191e-01   1.8365796e-01   1.4893573e-01
   2.2854709e-01   2.2136064e-01   2.0785719e-01   1.8755767e-01   1.5467741e-01
   2.2119457e-01   2.1451482e-01   2.0735239e-01   1.9226457e-01   1.6467364e-01
