   1.0000000e+00   0.0000000e+00   0.0000000e+00   0.0000000e+00   0.0000000e+00
   9.8888889e-01   1.1111111e-02   0.0000000e+00   0.0000000e+00   0.0000000e+00
   9.7222222e-01   2.7777778e-02   0.0000000e+00   0.0000000e+00   0.0000000e+00
   9.5316159e-01   4.6838407e-02   0.0000000e+00   0.0000000e+00   0.0000000e+00
   9.6208531e-01   3.7914692e-02   0.0000000e+00   0.0000000e+00   0.0000000e+00
   9.2147806e-01   7.6212471e-02   2.3094688e-03   0.0000000e+00   0.0000000e+00
   9.2205492e-01   7.7059345e-02   8.8573959e-04   0.0000000e+00   0.0000000e+00
   9.1975776e-01   7.7214232e-02   3.0280091e-03   0.0000000e+00   0.0000000e+00
   9.1293214e-01   8.4507042e-02   2.5608195e-03   0.0000000e+00   0.0000000e+00
   8.8803932e-01   1.0704533e-01   4.9153468e-03   0.0000000e+00   0.0000000e+00
   8.9511568e-01   9.9742931e-02   5.1413882e-03   0.0000000e+00   0.0000000e+00
