   0.0000000e+00   0.0000000e+00   1.7543860e-01   1.2280702e-01   7.0175439e-01
   1.3422819e-02   4.0268456e-02   1.1744966e-01   2.9865772e-01   5.3020134e-01
   1.8248175e-02   6.3868613e-02   1.0401460e-01   2.9014599e-01   5.2372263e-01
   1.3761468e-02   4.9311927e-02   1.3761468e-01   2.7981651e-01   5.1949541e-01
   2.6525199e-02   5.7471264e-02   1.2997347e-01   2.7674624e-01   5.0928382e-01
   1.4174344e-02   4.8901488e-02   1.2260808e-01   2.5513820e-01   5.5917789e-01
   2.0820576e-02   5.0826699e-02   1.3962033e-01   2.6760563e-01   5.2112676e-01
   2.3130715e-02   4.7337278e-02   1.2318451e-01   2.9424422e-01   5.1210328e-01
   2.1500457e-02   6.8618481e-02   1.2488564e-01   2.7127173e-01   5.1372370e-01
   2.5010781e-02   5.6058646e-02   1.3842173e-01   2.7511859e-01   5.0539025e-01
   2.2943038e-02   6.4082278e-02   1.3093354e-01   2.8283228e-01   4.9920886e-01
