   4.7817048e-02   9.9792100e-02   2.0166320e-01   2.8066528e-01   3.7006237e-01
   8.6491557e-02   1.6247655e-01   2.1088180e-01   2.5534709e-01   2.8480300e-01
   9.5225417e-02   1.7403266e-01   2.2080227e-01   2.4795882e-01   2.6198083e-01
   1.1159412e-01   1.7256764e-01   2.1941314e-01   2.4326489e-01   2.5316021e-01
   1.1356427e-01   1.8088481e-01   2.1986644e-01   2.4169449e-01   2.4398998e-01
   1.1640610e-01   1.8162491e-01   2.2129914e-01   2.3869955e-01   2.4197030e-01
   1.2164195e-01   1.8568665e-01   2.1980443e-01   2.3603052e-01   2.3683645e-01
   1.2640347e-01   1.8678686e-01   2.1919215e-01   2.3295299e-01   2.3466454e-01
   1.2511818e-01   1.8635755e-01   2.1966593e-01   2.3028286e-01   2.3857548e-01
   1.3132823e-01   1.8779555e-01   2.1780250e-01   2.3016342e-01   2.3291029e-01
   1.3247213e-01   1.8892650e-01   2.1836475e-01   2.2943515e-01   2.3080148e-01
