   5.5769231e-02   1.2692308e-01   2.0192308e-01   2.6346154e-01   3.5192308e-01
   1.0038542e-01   1.7081289e-01   2.1145760e-01   2.4824807e-01   2.6909601e-01
   1.1060329e-01   1.8381253e-01   2.1979392e-01   2.3799235e-01   2.4779791e-01
   1.2757621e-01   1.8173036e-01   2.1822671e-01   2.3314727e-01   2.3931945e-01
   1.2993085e-01   1.8992614e-01   2.1703599e-01   2.3235895e-01   2.3074807e-01
   1.3339731e-01   1.8955483e-01   2.1750975e-01   2.2964522e-01   2.2989289e-01
   1.3971000e-01   1.9185958e-01   2.1686594e-01   2.2632918e-01   2.2523531e-01
   1.4347770e-01   1.9409146e-01   2.1540024e-01   2.2382867e-01   2.2320194e-01
   1.4135429e-01   1.9311043e-01   2.1593189e-01   2.2174508e-01   2.2785831e-01
   1.4767555e-01   1.9447892e-01   2.1400791e-01   2.2137266e-01   2.2246496e-01
   1.4991938e-01   1.9482863e-01   2.1414730e-01   2.2070026e-01   2.2040442e-01
