   0.0000000e+00   1.0309278e-02   1.8556701e-01   1.6494845e-01   6.3917526e-01
   2.6470588e-02   5.5882353e-02   1.1470588e-01   2.7794118e-01   5.2500000e-01
   1.7045455e-02   5.7629870e-02   1.1688312e-01   2.8246753e-01   5.2597403e-01
   1.7562533e-02   5.3219798e-02   1.4262906e-01   2.7142097e-01   5.1516764e-01
   2.5413473e-02   6.1315046e-02   1.4037919e-01   2.7269060e-01   5.0020169e-01
   1.8408941e-02   6.8047337e-02   1.3510848e-01   2.6068376e-01   5.1775148e-01
   2.1990104e-02   6.7069819e-02   1.4925783e-01   2.7515118e-01   4.8653106e-01
   3.0447193e-02   6.2321598e-02   1.3867745e-01   2.8092293e-01   4.8763083e-01
   2.4961682e-02   6.7659295e-02   1.4232538e-01   2.8596453e-01   4.7908912e-01
   2.8709990e-02   7.0029098e-02   1.4742968e-01   2.7565470e-01   4.7817653e-01
   2.8628375e-02   7.3382859e-02   1.4151114e-01   2.7994202e-01   4.7653560e-01
