   2.3170732e-01   1.9512195e-01   2.0731707e-01   1.6666667e-01   1.9918699e-01
   1.9511575e-01   1.9562452e-01   2.0987026e-01   1.9435258e-01   2.0503689e-01
   1.8554587e-01   1.8831369e-01   1.9866735e-01   2.1363403e-01   2.1383906e-01
   1.8535127e-01   1.9450673e-01   1.9544096e-01   2.0422272e-01   2.2047833e-01
   1.8126661e-01   1.9007972e-01   1.9995571e-01   2.1408326e-01   2.1461470e-01
   1.8153471e-01   1.9255016e-01   2.0085412e-01   2.0753118e-01   2.1752983e-01
   1.8068331e-01   1.9305738e-01   2.0162615e-01   2.0737516e-01   2.1725799e-01
   1.8069386e-01   1.9423156e-01   2.0017438e-01   2.0951310e-01   2.1538709e-01
   1.8154398e-01   1.9575760e-01   2.0131688e-01   2.0811812e-01   2.1326342e-01
   1.8510189e-01   1.9252327e-01   2.0013493e-01   2.0874996e-01   2.1348995e-01
   1.8421661e-01   1.9491147e-01   2.0290949e-01   2.0691621e-01   2.1104622e-01
