   7.5000000e-01   1.3636364e-01   6.8181818e-02   4.5454545e-02   0.0000000e+00
   6.1143695e-01   2.5953079e-01   8.2111437e-02   4.2521994e-02   4.3988270e-03
   5.2572234e-01   2.6849894e-01   1.3319239e-01   4.8625793e-02   2.3960536e-02
   4.6486230e-01   2.6305793e-01   1.5337132e-01   7.8822412e-02   3.9886040e-02
   4.6738739e-01   2.6342342e-01   1.3657658e-01   8.7567568e-02   4.5045045e-02
   4.4305307e-01   2.5342874e-01   1.5921288e-01   8.9743590e-02   5.4561717e-02
   4.1230693e-01   2.5435974e-01   1.5894370e-01   1.0762332e-01   6.6766318e-02
   4.1526752e-01   2.5005597e-01   1.5580927e-01   1.0611148e-01   7.2755764e-02
   3.9211369e-01   2.6100881e-01   1.6493195e-01   1.0908727e-01   7.2858287e-02
   3.8566131e-01   2.5640120e-01   1.7552534e-01   1.1354406e-01   6.8868091e-02
   3.7377823e-01   2.5160094e-01   1.7155376e-01   1.1914392e-01   8.3923155e-02
