   1.0000000e+00   0.0000000e+00   0.0000000e+00   0.0000000e+00   0.0000000e+00
   7.2972973e-01   1.9594595e-01   3.3783784e-02   3.3783784e-02   6.7567568e-03
   7.1428571e-01   1.9714286e-01   6.2857143e-02   2.0000000e-02   5.7142857e-03
   6.3333333e-01   2.2000000e-01   8.8333333e-02   4.1666667e-02   1.6666667e-02
   5.5497382e-01   2.5785340e-01   1.1910995e-01   5.1047120e-02   1.7015707e-02
   5.7688723e-01   2.4324324e-01   9.8788444e-02   5.4054054e-02   2.7027027e-02
   5.1517395e-01   2.6424870e-01   1.1324944e-01   7.6980015e-02   3.0347890e-02
   5.1021711e-01   2.4776501e-01   1.2835249e-01   7.9821201e-02   3.3844189e-02
   5.0218103e-01   2.4482007e-01   1.4176663e-01   7.4154853e-02   3.7077426e-02
   4.7145576e-01   2.5261656e-01   1.5318744e-01   8.2302569e-02   4.0437678e-02
   4.6602787e-01   2.7918118e-01   1.3327526e-01   7.7090592e-02   4.4425087e-02
