   1.0000000e+00   0.0000000e+00   0.0000000e+00   0.0000000e+00   0.0000000e+00
   8.3606557e-01   1.1475410e-01   1.6393443e-02   3.2786885e-02   0.0000000e+00
   7.9699248e-01   1.5789474e-01   3.7593985e-02   7.5187970e-03   0.0000000e+00
   7.0283019e-01   2.2169811e-01   4.2452830e-02   2.3584906e-02   9.4339623e-03
   6.6118421e-01   2.2039474e-01   9.2105263e-02   1.6447368e-02   9.8684211e-03
   6.5734266e-01   2.3310023e-01   6.0606061e-02   2.5641026e-02   2.3310023e-02
   6.0231660e-01   2.5289575e-01   8.3011583e-02   5.2123552e-02   9.6525097e-03
   5.9349593e-01   2.3577236e-01   1.0569106e-01   4.8780488e-02   1.6260163e-02
   5.9770115e-01   2.2988506e-01   1.1637931e-01   3.3045977e-02   2.2988506e-02
   5.6750000e-01   2.5500000e-01   1.0875000e-01   6.1250000e-02   7.5000000e-03
   5.4824064e-01   2.5879682e-01   1.1691260e-01   5.5618615e-02   2.0431328e-02
