   2.1176471e-01   1.6470588e-01   1.9529412e-01   2.1882353e-01   2.0941176e-01
   1.8807588e-01   1.8843722e-01   2.0343270e-01   2.0885276e-01   2.1120145e-01
   1.8268519e-01   1.9353778e-01   2.0151278e-01   2.0891227e-01   2.1335197e-01
   1.8029372e-01   1.9461514e-01   2.0258306e-01   2.0919696e-01   2.1331111e-01
   1.8402923e-01   1.9457237e-01   2.0583869e-01   2.0679024e-01   2.0876946e-01
   1.8597698e-01   1.9473763e-01   1.9958140e-01   2.0861115e-01   2.1109284e-01
   1.8822865e-01   1.9605822e-01   2.0027980e-01   2.0656309e-01   2.0887024e-01
   1.8769224e-01   1.9521573e-01   2.0479674e-01   2.0242747e-01   2.0986782e-01
   1.8539437e-01   1.9789956e-01   2.0221232e-01   2.0650703e-01   2.0798672e-01
   1.8675497e-01   1.9468603e-01   1.9897870e-01   2.0754807e-01   2.1203223e-01
   1.8995808e-01   1.9758720e-01   2.0088127e-01   2.0438924e-01   2.0718421e-01
