   2.2429907e-01   1.9626168e-01   2.2741433e-01   1.6199377e-01   1.9003115e-01
   1.9102750e-01   1.9371511e-01   2.0756667e-01   1.9909035e-01   2.0860037e-01
   1.8489469e-01   1.8630475e-01   1.9978849e-01   2.1062836e-01   2.1838371e-01
   1.8477369e-01   1.9533687e-01   1.9588419e-01   2.0382026e-01   2.2018499e-01
   1.8273932e-01   1.9172843e-01   2.0150607e-01   2.1258477e-01   2.1144141e-01
   1.8271295e-01   1.9445637e-01   2.0003679e-01   2.0718097e-01   2.1561293e-01
   1.8379773e-01   1.9352010e-01   2.0188935e-01   2.0602385e-01   2.1476897e-01
   1.8387984e-01   1.9591707e-01   2.0118468e-01   2.0751005e-01   2.1150836e-01
   1.8452796e-01   1.9681027e-01   2.0148488e-01   2.0689276e-01   2.1028414e-01
   1.8780086e-01   1.9471457e-01   2.0041676e-01   2.0734662e-01   2.0972119e-01
   1.8776764e-01   1.9641853e-01   2.0320948e-01   2.0502617e-01   2.0757818e-01
