   7.5757576e-01   1.8181818e-01   0.0000000e+00   6.0606061e-02   0.0000000e+00
   6.5116279e-01   2.5581395e-01   6.3122924e-02   2.6578073e-02   3.3222591e-03
   6.0284810e-01   2.5000000e-01   1.0759494e-01   2.8481013e-02   1.1075949e-02
   5.3728070e-01   2.6206140e-01   1.1951754e-01   6.1403509e-02   1.9736842e-02
   5.3263497e-01   2.6188558e-01   1.1039484e-01   7.2522160e-02   2.2562450e-02
   5.3307643e-01   2.5433526e-01   1.2331407e-01   5.9730250e-02   2.9543995e-02
   4.7703944e-01   2.5391680e-01   1.4100486e-01   8.4819017e-02   4.3219881e-02
   4.9468085e-01   2.4613153e-01   1.4313346e-01   6.9148936e-02   4.6905222e-02
   4.6710240e-01   2.5751634e-01   1.3943355e-01   8.8888889e-02   4.7058824e-02
   4.5860113e-01   2.6011342e-01   1.5463138e-01   8.0529301e-02   4.6124764e-02
   4.5414688e-01   2.5100475e-01   1.5089514e-01   8.5495068e-02   5.8458166e-02
