   2.1073559e-01   1.7097416e-01   1.9483101e-01   2.2266402e-01   2.0079523e-01
   1.8691133e-01   1.9064631e-01   2.0331276e-01   2.0948360e-01   2.0964599e-01
   1.8575993e-01   1.9504032e-01   2.0165830e-01   2.0614636e-01   2.1139510e-01
   1.8344672e-01   1.9475307e-01   2.0307376e-01   2.0767461e-01   2.1105183e-01
   1.8619519e-01   1.9627248e-01   2.0533844e-01   2.0631366e-01   2.0588023e-01
   1.8908894e-01   1.9605102e-01   1.9927526e-01   2.0760693e-01   2.0797786e-01
   1.9151039e-01   1.9741641e-01   2.0002824e-01   2.0515777e-01   2.0588720e-01
   1.9074415e-01   1.9699215e-01   2.0454181e-01   2.0107738e-01   2.0664450e-01
   1.8886676e-01   1.9896248e-01   2.0175714e-01   2.0495354e-01   2.0546007e-01
   1.8966344e-01   1.9652768e-01   1.9890852e-01   2.0563363e-01   2.0926673e-01
   1.9290739e-01   1.9880636e-01   2.0056497e-01   2.0290517e-01   2.0481611e-01
