   7.3529412e-01   1.9607843e-01   6.8627451e-02   0.0000000e+00   0.0000000e+00
   5.5053358e-01   3.0508475e-01   1.1362210e-01   2.7620841e-02   3.1387320e-03
   4.5294501e-01   3.1210606e-01   1.6822430e-01   5.5857422e-02   1.0867203e-02
   4.0441522e-01   3.0624706e-01   1.8236261e-01   8.3137623e-02   2.3837482e-02
   3.6324884e-01   2.9846997e-01   1.9829489e-01   1.0474233e-01   3.5243967e-02
   3.3683185e-01   2.8213590e-01   2.1066869e-01   1.1907596e-01   5.1287600e-02
   3.1658271e-01   2.7144946e-01   2.1035099e-01   1.3531849e-01   6.6298343e-02
   2.9900244e-01   2.6124727e-01   2.1605999e-01   1.4533923e-01   7.8351060e-02
   2.8700735e-01   2.5745535e-01   2.1626573e-01   1.5277067e-01   8.6500902e-02
   2.7488162e-01   2.5351730e-01   2.1319015e-01   1.5940551e-01   9.9005415e-02
   2.6404637e-01   2.4220839e-01   2.1406686e-01   1.6890771e-01   1.1077067e-01
